时间	AP	WAIS EAIS All
2002.29589041096	21.8556464855295	15.3579180353796	-2.35542171190885	0.731487748872879
2002.35753424658	27.9649862632993	15.7301678403508	-1.85216161971189	1.31978103152128
2002.62602739726	20.3031391918755	17.6273116276793	-1.00160174735951	2.16734340811361
2002.7095890411	15.8457544164686	19.4164575741402	-0.228997532015452	2.99368113706066
2002.79315068493	26.0988754302884	17.9102700735149	-0.467851188283764	2.76188967589272
2002.87671232877	21.9763070688175	15.1785370870605	-1.99512371173629	1.00702115161356
2002.9602739726	14.0325690337124	15.7794139887264	-1.45415033425227	1.39870942171178
2003.04520547945	11.5188380159477	15.5718471400074	-1.93798388706794	0.918132874651567
2003.12602739726	20.0689465906836	14.349347725944	-2.37472140882125	0.532045396136496
2003.20684931507	14.6040999163583	12.7683647765275	-1.82873961289851	0.649492897320167
2003.2904109589	14.4033514290718	15.4279291160148	-0.904395209985226	1.81103590788294
2003.3602739726	17.2269152724287	15.8279923493665	-0.795050067815911	2.01424251666416
2003.54109589041	11.3777060060515	15.6230006948047	-0.748464212580383	1.91346980373671
2003.62602739726	19.454724072032	14.2578488806968	-0.309229881881337	2.22664404947139
2003.7095890411	21.3913810852697	12.534903541071	-0.903244353321302	1.51184524117336
2003.79315068493	20.5633741040807	13.4233810022953	-0.776526370049682	1.73410129262714
2003.87671232877	20.1077941624477	13.7704163810078	-0.759946111286963	1.79104511681207
2003.9602739726	21.4851296337958	10.5107956610591	-2.12864134905935	0.192206975255068
2004.02054794521	21.426511330882	9.8235755902164	-2.61825253915032	-0.318769717755468
2004.13150684931	6.95997600549702	6.15468720486978	-2.8157635436429	-1.2988189830394
2004.2095890411	9.30122108192225	7.47898346086323	-1.61236724760192	-0.0562192425316654
2004.29315068493	6.98725652875184	7.75054159386743	-2.39680187550903	-0.712055347603221
2004.37671232877	17.3922326714116	10.5870320087066	-0.936984425837752	1.11937440494496
2004.4602739726	12.9982212850887	11.5340716008775	-0.860432564005446	1.24208855788466
2004.54383561644	11.3785937774145	10.4736614694351	-1.53147728068524	0.495425433310892
2004.62876712329	15.8670452005828	10.1688777967814	-0.507568266684011	1.38624046900816
2004.71232876712	15.3516716473832	9.07546648176074	-0.311167184083133	1.37746475169929
2004.79589041096	21.8003444824738	10.1339163675451	0.605888935689773	2.41869554117385
2004.87945205479	18.6781147821394	10.1444537873136	-0.930213741077332	1.08313747025525
2004.96301369863	21.582029141576	7.5202646859623	-1.68848146354768	0.115528790072676
2005.04520547945	6.82023288208359	6.05093622837687	-1.71997340690878	-0.404540071773326
2005.12602739726	10.7768699559634	5.21928733960361	-2.35291402519939	-0.981472729955128
2005.20684931507	9.22961576311828	4.93380955243315	-1.97188691310765	-0.73556496713895
2005.2904109589	11.7420445267827	6.3758814831088	-0.780012800710716	0.518156831182209
2005.37397260274	15.5222238119912	6.01500036306079	-0.945557045530185	0.39711746673124
2005.45753424658	13.4910223233573	5.29240125216047	-0.473005290501257	0.645165173029274
2005.54109589041	8.36583428019639	6.00014060759277	-0.0631321978430654	0.99615501379045
2005.62602739726	2.47157065259444	6.85485833732074	0.232527903251524	1.25958347190358
2005.7095890411	2.73128784009154	10.3634948705259	0.542393051842165	2.04444525508142
2005.79315068493	7.05020657541519	11.5949252252122	0.541825034898023	2.30771811975754
2005.87671232877	9.08450900196204	11.2679068057346	0.805143125090308	2.51622263889796
2005.9602739726	7.4232314739346	8.49090901182055	-0.197902463434706	1.23696544546809
2006.04520547945	2.13723409398862	8.03913044412092	-0.572907319109497	0.758972035532612
2006.12602739726	5.15785542029871	7.16575879490296	-1.45169097050522	-0.0463017721822299
2006.20684931507	7.42637859865319	6.85505726173337	-0.498657868455317	0.7432329889833
2006.2904109589	10.1392045495074	5.44806712565996	-0.662299861553373	0.448230390838859
2006.37397260274	5.75224541879945	5.97317215026636	0.993777424078812	1.82336236609344
2006.45753424658	12.0650401384907	6.49093141135072	0.687527909953046	1.76312606205459
2006.54109589041	13.6718794807271	6.58693484686626	0.692543914032084	1.81154578267263
2006.62602739726	18.9318347686949	7.06031860793418	1.27222042213744	2.46267149183787
2006.7095890411	18.2790256500182	5.87229827883257	1.26463572329051	2.26742453137898
2006.79315068493	17.0065551857208	4.05453854884152	1.25776030620704	1.96751821984284
2006.87671232877	6.70345374455057	2.31596047255623	0.283302866574291	0.705437439713586
2006.9602739726	6.73796622582805	1.9197340984979	0.182410508578345	0.563128214832057
2007.04520547945	4.38525097662008	-0.272499702989003	-1.3762392759231	-1.10459524517691
2007.12465753425	4.21000844334298	-1.52481151668743	-1.15913833280858	-1.11343726763695
2007.20684931507	2.76242187182202	-2.36267504312686	-0.768153181677523	-0.939567574794553
2007.2904109589	-1.24789085378888	-3.07434941813168	0.0822587803577756	-0.412200294987476
2007.37397260274	-1.49589693094781	-0.0738770618301356	0.763234416719082	0.596562520332078
2007.45753424658	-2.83446964855812	0.698824727579384	0.84673845008598	0.756094671503864
2007.54109589041	-3.33018024958325	1.13191947868276	0.789913183027816	0.763979488331265
2007.62602739726	-4.33311510624701	1.17195232905501	0.918659104630605	0.858425919043623
2007.7095890411	-1.98753465334679	0.921153514141381	1.16786781574268	1.07232759160805
2007.79315068493	-8.38587678023164	-0.233605226539108	1.10785950815608	0.73125743010008
2007.87671232877	-9.43355455940128	-1.48543586210014	0.501314804343603	0.0204784157609085
2007.9602739726	-5.77758346337657	-3.60123234659253	-0.565008891476993	-1.11394445178628
2008.04520547945	-13.6797571951685	-5.85963772916975	-1.4249831147078	-2.31328751146629
2008.12739726027	-13.3103164427345	-6.49261044584801	-1.03876797116002	-2.07902577232091
2008.2095890411	-14.0161980749853	-7.98139168314698	-1.77397640322633	-2.92580831058667
2008.29315068493	-9.75401692347743	-7.73075635309309	-0.78685346671925	-1.98720060972422
2008.37671232877	-7.35151735670161	-6.10244522924342	0.322008300472821	-0.776932226762248
2008.4602739726	-10.1585091053984	-5.492336476673	0.506096426779458	-0.585227140449555
2008.54383561644	-11.9110258071451	-6.5314460719698	-0.553817957087945	-1.65495967528111
2008.62876712329	-9.70796190416822	-6.66702111574295	-0.643108038655712	-1.70839523743536
2008.71232876712	-11.7754858820217	-3.7453701270416	0.796141414908928	-0.113969516703858
2008.79589041096	-7.85266631601388	-3.2590197463387	-0.202259647743822	-0.79970427834738
2008.87945205479	-10.719766330139	-5.21281206489795	0.329877022866761	-0.70081740312218
2008.96301369863	-8.22767327697245	-8.99991272112488	-0.0127397472939752	-1.50307102509149
2009.04520547945	-12.3939894402374	-11.5543621303404	-0.962620289317527	-2.75165918730179
2009.12602739726	-21.8908986280695	-11.8124731740739	0.356418475567265	-1.86894179172996
2009.20684931507	-16.685046657051	-12.0035064112279	0.781264143288206	-1.44658801896258
2009.2904109589	-16.3659856088451	-12.4865005449259	0.799934721095984	-1.49695721237262
2009.37397260274	-12.5534443757861	-13.8195769085497	1.07390665513354	-1.39611437370456
2009.45753424658	-20.1582317557557	-15.3775197471912	1.34456989624897	-1.54435988510343
2009.54109589041	-20.8960053139775	-17.4123475767235	2.47879513584001	-0.916548147146468
2009.62602739726	-27.1969772327677	-16.8995505530947	3.40438025528255	-0.187119563415203
2009.7095890411	-28.1854561442831	-14.9658412626275	3.33517843991946	0.0245433106570594
2009.79315068493	-25.9891715537055	-17.4253909964434	2.77581426943053	-0.76616220277611
2009.87671232877	-23.4813887916255	-18.8721788275352	3.35350887908715	-0.453695163793455
2009.9602739726	-26.7106301492639	-21.6783411731879	1.96941934835366	-2.08377184021296
2010.04520547945	-34.3197558142116	-24.270404979926	0.781740145485942	-3.60013169350397
2010.12602739726	-33.2501890222949	-24.0255314040717	2.36047940993615	-2.22934620334808
2010.20684931507	-32.6332252715877	-22.7513906952362	2.9284746727809	-1.55537353037333
2010.2904109589	-31.4981519188724	-24.1260765113616	2.56874058407158	-2.03824722294488
2010.37397260274	-26.1218415032836	-27.204099683957	2.0529151280421	-2.8254320359874
2010.45753424658	-29.0369274509932	-27.233360518321	2.12687216434519	-2.82256321611936
2010.54109589041	-33.9725928607403	-26.9209338158255	1.89703279442286	-3.05946149260357
2010.62602739726	-32.3098464365462	-24.8825403847763	2.52396079147023	-2.20321464176445
2010.7095890411	-30.3233831760687	-24.9353871590244	2.85500872499628	-1.89841946833894
2010.79315068493	-29.7200131903631	-26.8152135206986	2.11860288033733	-2.77996981663603
2010.87671232877	-24.987667456626	-29.3094868957158	1.5805276965266	-3.51083216341529
2010.95479452055	-23.327267215428	-30.3441144289476	1.5486627493706	-3.66034153344597
2011.13561643836	-31.4965767785157	-35.3253534752674	2.05637455212369	-4.13109100764128
2011.20684931507	-33.4421934473092	-37.1291561838449	1.95781068429961	-4.51780853855726
2011.2904109589	-34.5701490107698	-38.4039565072448	2.46875279588865	-4.30311681539596
2011.37397260274	-32.5662965709516	-38.4552873178685	3.30147576859072	-3.58009268904798
2011.54657534247	-33.1066860915163	-37.8986313849519	4.04555524875943	-2.88784815800737
2011.62602739726	-35.6458688222683	-39.0129437851949	3.75269347953391	-3.34481286211146
2011.7095890411	-41.016479973077	-38.4075852581514	4.60440713159513	-2.64576892510821
2011.79315068493	-46.0765823204091	-37.1040654996288	4.94357690086273	-2.26378732340687
2011.83424657534	-40.5557097231916	-37.4518288233072	5.02334077349345	-2.14618364774736
2011.99178082192	-38.0641809905332	-42.6223440564045	4.02527476723457	-3.6999870212419
2012.04520547945	-46.3419653074067	-42.7073924428883	5.02867609276523	-3.03157972199396
2012.12739726027	-49.6106275916218	-44.2470814622559	4.17238427707107	-4.03453008978898
2012.2095890411	-49.9272910452259	-44.9189921745496	4.14524862222127	-4.16299735583628
2012.2602739726	-46.6377593348652	-44.1616944094874	4.17318545096576	-3.96572939118951
2012.4602739726	-44.4443103933681	-43.1460817892347	4.07940059678893	-3.85180609726433
2012.54383561644	-47.2300795615055	-44.4003272786475	4.66952984616823	-3.59903736039777
2012.62876712329	-54.6307203512105	-44.5745437006107	5.57977246224626	-3.00510367791926
2012.70547945205	-53.6776793529776	-45.2521369996112	6.25414182117014	-2.52669126901705
2012.88630136986	-40.7004480487052	-48.8818260590215	4.7802373852079	-4.0519035679459
2012.96301369863	-52.4175052409877	-49.7528889427712	5.86247237523849	-3.49893498413783
2013.04520547945	-61.8340846777402	-52.5476775206288	4.43833728699728	-5.27602335297003
2013.12328767123	-68.1469533564077	-53.3719176177504	4.19180617474866	-5.72161652726034
2013.30410958904	-53.7649372718036	-51.5497920025819	4.47710926861378	-4.94482215038978
2013.37397260274	-49.2675972561916	-53.1734204624706	3.9902941289644	-5.50784908901816
2013.45753424658	-53.2517205032671	-56.0960436782094	3.73941834413149	-6.22584945700266
2013.54109589041	-54.295648222394	-55.1989363176415	6.00152398129237	-4.22847730111937
2013.79315068493	-56.4514163371433	-58.0794121471407	5.89496481424996	-4.78596339017937
2013.87671232877	-63.788407944458	-59.3348673979027	5.95262241577072	-5.06155191911467
2013.9602739726	-67.9802832521215	-61.8800972227846	5.00943824406162	-6.30366969848421
2014.02465753425	-72.8604127541125	-63.330642645076	4.05835043647232	-7.40232688209659
2014.2095890411	-62.7307194630048	-66.413344107637	4.42365845345159	-7.36797610486768
2014.2904109589	-63.8886289416188	-65.0737443993542	4.48050881499219	-7.14292016340002
2014.37397260274	-64.6493329979934	-64.1039659357953	4.4715709350648	-7.02025570455606
2014.44931506849	-65.9751678276774	-62.9645537728805	4.67991612719463	-6.70198587008435
2014.62602739726	-62.3734983388776	-63.3826135749421	5.38899151359529	-6.10667958235586
2014.7095890411	-59.0665438607616	-62.1700314076042	6.16143464678096	-5.22149392661084
2014.79315068493	-60.75338140625	-62.4149979289236	5.39960799779866	-5.92366602408676
2014.87671232877	-66.7229993802225	-62.0085248307843	4.84543987480421	-6.4358757612728
2015.06164383562	-67.8430206358274	-68.780874450653	3.98596889557075	-8.17995688347981
2015.12602739726	-71.7093116126659	-71.7686569238663	2.87115065629698	-9.62474689489183
2015.20684931507	-73.3408622478368	-71.3281550502046	3.62502936165861	-8.96197065892211
2015.2904109589	-69.5112650414251	-71.0984511910525	3.67130204741001	-8.817865737341
2015.32054794521	-66.8299910514468	-70.7714662558058	4.67982603426745	-7.87955654587276
2015.53835616438	-61.9013520428923	-71.0049489057266	6.04524002250789	-6.68559909486633
2015.62602739726	-73.7820345105306	-71.4530996947363	4.84542100858038	-7.97272584881748
2015.70547945205	-81.6906120098763	-72.7436213655557	5.72672322959877	-7.57844788444854
2015.97808219178	-69.2632900643752	-75.1923621982235	4.60610413172825	-8.64407050315652
2016.04520547945	-70.2701572044378	-76.4817319849236	4.29659984633246	-9.1123671940977
2016.12328767123	-71.9560536330565	-75.8355201420548	4.47279348702296	-8.90096030499827
2016.2095890411	-70.010901671051	-75.6394884658318	4.92793638507527	-8.45658816932783
2016.38630136986	-60.6572167297332	-76.7634022832097	2.82142745903217	-10.2032250020374
2016.4602739726	-60.4550092197105	-73.4012034184406	5.15731083066826	-7.75442299590255
2016.54109589041	-60.8481108861536	-73.5568071869052	6.6166377744721	-6.56991338350266
2016.64246575342	-61.4840183918084	-75.7745077959582	6.0593489398909	-7.37571370271517
2016.91095890411	-59.1295670037204	-79.126077374542	2.7261277877763	-10.605617880145
2016.98493150685	-58.4379442919412	-80.2978844229802	2.7437069939322	-10.7524348399102
2017.05753424658	-60.6264284401495	-82.4452550424335	2.09913883542184	-11.6493850078802
2017.24794520548	-67.4761652951463	-84.0563121541171	1.13411712396397	-12.8202484195178
2017.31369863014	-58.2163214365942	-82.3090016445154	4.10253829192432	-9.91620722117738
2017.36438356164	-63.8874543545351	-79.427813709688	4.82753830321206	-8.98965338248808
2017.44246575342	-59.9885642592598	-79.9347343304797	6.00937067384135	-8.00842372988833
2018.45753424658	-61.7590081964081	-90.1754830500915	6.3650903465741	-9.2689501426631
2018.52328767123	-61.0783479912719	-92.5926582121171	7.28900519882715	-8.84667741847318
2018.83424657534	-77.3318456266589	-92.4900540145252	6.62136502272053	-9.69031534422422
2018.87671232877	-68.7846762220003	-91.6022364589436	6.24345583278396	-9.71349384390621
2018.9602739726	-71.734328842951	-95.6008013412527	5.03138102861926	-11.3725559362163
2019.04520547945	-78.119587477021	-98.4362278600151	4.59731622374567	-12.2748695075008
2019.12602739726	-86.2069736551311	-102.412444264385	2.55394992978319	-14.7185074575295
2019.20684931507	-81.6406403218513	-97.6554124068566	5.48171141470281	-11.4880253217596
2019.2904109589	-77.1274335641778	-97.93763884839	5.5739819339289	-11.3690460260469
2019.37397260274	-66.8986025287085	-97.0139228007161	7.07870707978893	-9.7881053411746
2019.45753424658	-63.91319221997	-97.3405494086801	7.38017758625036	-9.53004454262005
2019.54109589041	-74.0536588178634	-95.8951569745578	8.11245047441049	-8.89439242806123
2019.62602739726	-88.3163051575115	-97.0093371812417	7.29522319167317	-10.0064926375437
2019.7095890411	-86.2164830488196	-94.3260099771925	6.75726147906385	-10.0159907952027
2019.79315068493	-83.1736940308085	-95.1890142759666	6.39946516375185	-10.3855507707838
2019.87671232877	-78.6932015148851	-97.4302067776875	5.71331681880606	-11.206735253711
2019.9602739726	-80.1017989208039	-100.098407917181	4.50515318439616	-12.6358687829678
2020.04520547945	-92.2106409783356	-101.688175414762	3.3669669517845	-14.0457923451648
2020.12739726027	-91.1631424901116	-103.222102731775	3.09679203643631	-14.4794275365375
2020.2095890411	-94.8594989446165	-100.647880265795	4.10021227989359	-13.3299218719002
2020.29315068493	-83.123692078519	-101.444274288255	4.40580820906433	-12.9751694646583
2020.37671232877	-79.3313249392451	-101.017042323614	5.63767245714562	-11.8152823323958
2020.4602739726	-81.5869691018283	-98.6697205862716	5.94557610351817	-11.2517397924578
2020.54383561644	-94.2162529042051	-97.1024669700667	6.61275763726417	-10.698553654615
2020.62876712329	-85.6785067985936	-96.689423450035	7.17379393960393	-10.0108103897388
2020.71232876712	-84.4012615900277	-98.7472418686058	6.83482695490304	-10.5753836361728
2020.79589041096	-86.3996173256928	-101.254617853463	5.94804248756507	-11.7240143573047
2020.87945205479	-88.2447385967689	-102.804307422838	5.29254344112292	-12.5347367944723
2020.96301369863	-86.4808475272996	-102.34357336508	5.27038268080338	-12.4517486480064
2021.04520547945	-88.8331146643698	-105.109755539333	3.7210753393723	-14.1970808701985
2021.12602739726	-83.256465944647	-106.789836772705	4.59511607535868	-13.6153767462251
2021.20684931507	-79.1653047084651	-108.436516114445	4.43052743295911	-13.9211307018512
2021.2904109589	-76.9752777815103	-106.67063657164	7.11163741330416	-11.3853502517249
2021.37397260274	-72.5066576519811	-107.061621570406	7.02295229545698	-11.4340420878828
2021.45753424658	-69.0379796205117	-107.252698822065	5.73809163272873	-12.4675333658468
2021.54109589041	-70.3284799969225	-108.923607471079	5.31272770660868	-13.0943471312985
2021.62602739726	-71.4483215530365	-110.775674893391	6.20778951509125	-12.6455870268991
2021.7095890411	-73.9333523557653	-111.532932071761	6.0103001957602	-12.9690131686547
2021.79315068493	-76.6258067072093	-110.271309535792	7.71247984223737	-11.4143203351068
2021.87671232877	-76.683597704453	-112.735252535703	6.26102621272066	-12.9904330552004
2021.9602739726	-73.0506668032637	-113.866180357705	7.05969749610114	-12.4260137274686
2022.04520547945	-67.8698014740711	-118.377647064669	6.34969938113405	-13.5917807885854
2022.12602739726	-71.9024782643346	-118.015102353143	6.20123126843197	-13.7366387465198
2022.20684931507	-71.2381190220922	-117.102927013031	6.83476322723973	-13.0610738428422
2022.2904109589	-67.8128695492897	-115.142696526998	8.95122306177171	-10.9434562584167
2022.37397260274	-66.4134744539719	-114.545168416295	9.89845189210697	-10.0398272527641
2022.45753424658	-59.200261955039	-113.324547548512	10.3732506939822	-9.32842266008167
2022.54109589041	-69.297601780762	-115.349410545155	8.75394852001542	-11.1661399775136
2022.62602739726	-71.3014208845307	-115.306835971477	9.04562284745374	-10.9543277454345
2022.7095890411	-74.5141521557213	-114.096016687	9.58242285433174	-10.3871534766701
2022.79315068493	-68.9764891926246	-114.752107646474	9.25493296464999	-10.6541784384601
2022.87671232877	-60.7435444637156	-116.97783263563	10.2862159081485	-9.97321654032989
2022.9602739726	-67.0145487304675	-120.461636774662	9.84681407843358	-10.9743126351521
2023.04520547945	-73.7057986368513	-120.725821108628	8.98343035370649	-11.8572048977234
2023.12602739726	-74.9530590402012	-121.913484990604	9.27496984392521	-11.814440818617
2023.20684931507	-76.4119109025927	-120.049093872669	10.5059178836336	-10.5393969295648
2023.2904109589	-67.8467866034074	-117.949778627926	12.5727671713904	-8.34655648371157
2023.37397260274	-69.0933321401241	-121.64128310289	11.1532688843559	-10.1008722351301
2023.45753424658	-61.667157675485	-124.796616275778	10.1456685329114	-11.2707764729568
2023.54109589041	-71.1880731730782	-122.171974310905	10.3646869411894	-10.8754371143355
2023.62602739726	-76.5062638047486	-121.427003568942	12.5088681779548	-9.07857480420984
2023.7095890411	-64.4934753657122	-123.321536777672	11.9246703692045	-9.62286038350353
2023.79315068493	-72.4077991333629	-123.428627610064	10.6956957832927	-10.8095633312342
2023.87671232877	-80.1902241120642	-125.047798283612	10.2090366150208	-11.6007540342094
2023.9602739726	-77.8421753331924	-127.478507486082	10.3698077849726	-11.7847763444811
